-1.361400000000000000e+05 7.166830903770460282e-03
-1.352400000000000000e+05 5.192393528886896092e-03
-1.343400000000000000e+05 3.049766923140850849e-03
-1.334400000000000000e+05 3.167542919982224703e-03
-1.325400000000000000e+05 3.978815151640446857e-03
-1.316400000000000000e+05 1.914331188345386181e-03
-1.307400000000000000e+05 3.956733680752222426e-04
-1.298400000000000000e+05 -1.171423051346209832e-03
-1.289400000000000000e+05 -3.403507979783171322e-03
-1.280400000000000000e+05 -5.945507909927982837e-03
-1.271400000000000000e+05 -5.476373226883879397e-03
-1.262400000000000000e+05 -6.714191012179071549e-03
-1.253400000000000000e+05 -5.420681160103413276e-03
-1.244400000000000000e+05 -5.405003747000591829e-03
-1.235400000000000000e+05 -4.526816206634975970e-03
-1.226400000000000000e+05 -4.698531149188056588e-03
-1.217400000000000000e+05 -3.886738296387193259e-03
-1.208400000000000000e+05 -2.112767417202121578e-03
-1.199400000000000000e+05 -2.452383099807775579e-03
-1.190400000000000000e+05 -2.034615917182236444e-03
-1.181400000000000000e+05 -2.039748725110257510e-03
-1.172400000000000000e+05 -2.696490304515464231e-03
-1.163400000000000000e+05 -6.278381737502058968e-03
-1.154400000000000000e+05 -3.099493304944189731e-03
-1.145400000000000000e+05 -2.509481320885242894e-03
-1.136400000000000000e+05 -1.888084405436529778e-03
-1.127400000000000000e+05 -6.391481965692946687e-04
-1.118400000000000000e+05 2.815725126311008353e-03
-1.109400000000000000e+05 2.043799870079965331e-03
-1.100400000000000000e+05 4.607995247170038056e-03
-1.091400000000000000e+05 5.073729485957301222e-03
-1.082400000000000000e+05 5.015708634346083272e-03
-1.073400000000000000e+05 4.024550333269871771e-03
-1.064400000000000000e+05 5.713135005862568505e-03
-1.055400000000000000e+05 5.722581552618066780e-03
-1.046400000000000000e+05 6.727750677782751154e-03
-1.037400000000000000e+05 7.442186356456659269e-03
-1.028400000000000000e+05 5.622415405014180578e-03
-1.019400000000000000e+05 7.071535187606059480e-03
-1.010400000000000000e+05 6.642031114097335376e-03
-1.001400000000000000e+05 7.237778303533559665e-03
-9.924000000000000000e+04 6.815194795308343600e-03
-9.834000000000000000e+04 5.383527478443284053e-03
-9.744000000000000000e+04 4.004266485935659148e-03
-9.654000000000000000e+04 2.789697306070593186e-03
-9.564000000000000000e+04 1.900614667647460010e-03
-9.474000000000000000e+04 1.543235537610598840e-03
-9.384000000000000000e+04 -2.034638288932910655e-03
-9.294000000000000000e+04 -2.548144789216166828e-03
-9.204000000000000000e+04 -1.680499643953226041e-03
-9.114000000000000000e+04 9.113371679632109590e-04
-9.024000000000000000e+04 -4.094409205208648928e-04
-8.934000000000000000e+04 -1.265924705876386724e-03
-8.844000000000000000e+04 7.258440418809186667e-04
-8.754000000000000000e+04 -2.049913673545233905e-03
-8.664000000000000000e+04 7.844925448807771318e-04
-8.574000000000000000e+04 -4.064658096467610449e-04
-8.484000000000000000e+04 -1.278008501685690135e-03
-8.394000000000000000e+04 -1.511195392595254816e-03
-8.304000000000000000e+04 -3.818649332970380783e-03
-8.214000000000000000e+04 -4.949757578287972137e-03
-8.124000000000000000e+04 -3.695264224006677978e-03
-8.034000000000000000e+04 -6.891176341923710424e-03
-7.944000000000000000e+04 -8.421917232226405758e-03
-7.854000000000000000e+04 -8.222672488045645878e-03
-7.764000000000000000e+04 -6.280887874709151220e-03
-7.674000000000000000e+04 -4.636891345398908015e-03
-7.584000000000000000e+04 -2.383626302616903558e-03
-7.494000000000000000e+04 -3.665497244583093561e-03
-7.404000000000000000e+04 -3.676343832012207713e-03
-7.314000000000000000e+04 -1.656573484069667757e-03
-7.224000000000000000e+04 -8.894964821593021043e-04
-7.134000000000000000e+04 3.030791685887379572e-04
-7.044000000000000000e+04 -1.434076209989143535e-03
-6.954000000000000000e+04 -4.839475877815857530e-04
-6.864000000000000000e+04 -2.511090369807789102e-04
-6.774000000000000000e+04 -1.551565173940616660e-04
-6.684000000000000000e+04 -1.623845390895439778e-03
-6.594000000000000000e+04 -1.086043585928564426e-03
-6.504000000000000000e+04 1.035385454997594934e-03
-6.414000000000000000e+04 4.330654251134546939e-03
-6.324000000000000000e+04 3.409961786019266583e-03
-6.234000000000000000e+04 5.910129978474287782e-03
-6.144000000000000000e+04 4.500856836784805637e-03
-6.054000000000000000e+04 8.904833739507012069e-04
-5.964000000000000000e+04 -1.168821790088259149e-03
-5.874000000000000000e+04 -1.876546377388876863e-03
-5.784000000000000000e+04 -3.380063277290901169e-03
-5.694000000000000000e+04 -3.771668473746103700e-03
-5.604000000000000000e+04 -4.086479399120435119e-03
-5.514000000000000000e+04 -7.301231650671979878e-03
-5.424000000000000000e+04 -7.333997145906323567e-03
-5.334000000000000000e+04 -7.044832545034296345e-03
-5.244000000000000000e+04 -6.237351459276396781e-03
-5.154000000000000000e+04 -6.661199165137077216e-03
-5.064000000000000000e+04 -4.015394015368656255e-03
-4.974000000000000000e+04 -9.524857805445208214e-04
-4.884000000000000000e+04 9.165325009234948084e-04
-4.794000000000000000e+04 2.016634205574519001e-03
-4.704000000000000000e+04 1.802577170565200504e-03
-4.614000000000000000e+04 7.522262303609750234e-04
-4.524000000000000000e+04 3.359484570864879061e-03
-4.434000000000000000e+04 5.126945161464391276e-03
-4.344000000000000000e+04 3.558377699846460018e-03
-4.254000000000000000e+04 4.151169969190959819e-03
-4.164000000000000000e+04 2.388843199696566444e-03
-4.074000000000000000e+04 3.733760093382443301e-03
-3.984000000000000000e+04 3.620141766077722423e-03
-3.894000000000000000e+04 1.447504466341342777e-03
-3.804000000000000000e+04 2.574621161329559982e-03
-3.714000000000000000e+04 1.314104478296940215e-03
-3.624000000000000000e+04 3.927697733161039650e-03
-3.534000000000000000e+04 3.622349888246390037e-03
-3.444000000000000000e+04 8.547137715140706860e-03
-3.354000000000000000e+04 8.791084773292823229e-03
-3.264000000000000000e+04 8.381913150515174493e-03
-3.174000000000000000e+04 8.285748347589105833e-03
-3.084000000000000000e+04 7.407783040434878785e-03
-2.994000000000000000e+04 7.593889942654641345e-03
-2.904000000000000000e+04 5.633158491946232971e-03
-2.814000000000000000e+04 6.261315938900224864e-03
-2.724000000000000000e+04 7.164978484979656059e-03
-2.634000000000000000e+04 8.986665346128575038e-03
-2.544000000000000000e+04 7.330496126087382436e-03
-2.454000000000000000e+04 5.768480594269931316e-03
-2.364000000000000000e+04 5.847301020367012825e-03
-2.274000000000000000e+04 2.095478522278426681e-03
-2.184000000000000000e+04 2.030809244388365187e-03
-2.094000000000000000e+04 1.167951368188369088e-03
-2.004000000000000000e+04 1.026041643854114227e-03
-1.914000000000000000e+04 -8.637805103717255406e-04
-1.824000000000000000e+04 -9.510617401247145608e-04
-1.734000000000000000e+04 -6.590536650037392974e-04
-1.644000000000000000e+04 -1.378173702505591791e-03
-1.554000000000000000e+04 1.539987219075555913e-03
-1.464000000000000000e+04 7.880139683038578369e-04
-1.374000000000000000e+04 -1.892712265544105321e-03
-1.284000000000000000e+04 -7.081964513417915441e-04
-1.194000000000000000e+04 -3.808876181210507639e-03
-1.104000000000000000e+04 -4.287579728952550795e-03
-1.014000000000000000e+04 -6.178427956001542043e-03
-9.240000000000000000e+03 -2.456697719935618807e-03
-8.340000000000000000e+03 -5.039648497586313169e-03
-7.440000000000000000e+03 -6.788298409446724690e-03
-6.540000000000000000e+03 -5.510120729923073668e-03
-5.640000000000000000e+03 -5.962616538454312831e-03
-5.640000000000000000e+03 -5.962616538454312831e-03
-5.580000000000000000e+03 -4.683060635215952061e-03
-5.520000000000000000e+03 -5.414283493337279651e-03
-5.460000000000000000e+03 -6.156192179332720116e-03
-5.400000000000000000e+03 -4.908692927529045846e-03
-5.340000000000000000e+03 -4.671691250223375391e-03
-5.280000000000000000e+03 -5.445091841465909965e-03
-5.220000000000000000e+03 -4.228798661642940715e-03
-5.160000000000000000e+03 -5.022714926781191025e-03
-5.100000000000000000e+03 -4.826743041121517308e-03
-5.040000000000000000e+03 -4.640784728508151602e-03
-4.980000000000000000e+03 -4.464740964976954274e-03
-4.920000000000000000e+03 -4.298511983506614342e-03
-4.860000000000000000e+03 -6.141997314443869982e-03
-4.800000000000000000e+03 -4.995095787307946011e-03
-4.740000000000000000e+03 -5.857705488779174630e-03
-4.740000000000000000e+03 -5.857705488779174630e-03
-4.680000000000000000e+03 -5.729723853619361762e-03
-4.620000000000000000e+03 -6.611047622754995245e-03
-4.560000000000000000e+03 -6.501572832348756492e-03
-4.500000000000000000e+03 -7.401194896374363452e-03
-4.440000000000000000e+03 -6.309808503829117399e-03
-4.380000000000000000e+03 -6.227307743756682612e-03
-4.320000000000000000e+03 -6.153586042273673229e-03
-4.260000000000000000e+03 -6.088536176321213134e-03
-4.200000000000000000e+03 -7.032050317320681643e-03
-4.140000000000000000e+03 -7.984020001458702609e-03
-4.080000000000000000e+03 -6.944336142623797059e-03
-4.020000000000000000e+03 -6.912889074556005653e-03
-3.960000000000000000e+03 -6.889568535370926838e-03
-3.900000000000000000e+03 -6.874263647659972776e-03
-3.840000000000000000e+03 -7.866863009439839516e-03
-3.840000000000000000e+03 -6.866863009236112703e-03
-3.780000000000000000e+03 -7.867254576012783218e-03
-3.720000000000000000e+03 -6.875325803775922395e-03
-3.660000000000000000e+03 -7.890963590398314409e-03
-3.600000000000000000e+03 -8.914054254091752227e-03
-3.540000000000000000e+03 -7.944483624669373967e-03
-3.480000000000000000e+03 -7.982136981809162535e-03
-3.420000000000000000e+03 -8.026899079595750663e-03
-3.360000000000000000e+03 -7.078654190991073847e-03
-3.300000000000000000e+03 -6.137286090051929932e-03
-3.240000000000000000e+03 -6.202678036061115563e-03
-3.180000000000000000e+03 -5.274712822028959636e-03
-3.120000000000000000e+03 -5.353272787942842115e-03
-3.060000000000000000e+03 -5.438239775685360655e-03
-3.000000000000000000e+03 -5.529495215341739822e-03
-2.940000000000000000e+03 -5.626920054055517539e-03
-2.940000000000000000e+03 -5.626920054055517539e-03
-2.880000000000000000e+03 -4.730394849502772558e-03
-2.820000000000000000e+03 -4.839799689762003254e-03
-2.760000000000000000e+03 -3.955014265557110775e-03
-2.700000000000000000e+03 -4.075917870068224147e-03
-2.640000000000000000e+03 -5.202389403166307602e-03
-2.580000000000000000e+03 -3.334307355544297025e-03
-2.520000000000000000e+03 -4.471549847039568704e-03
-2.460000000000000000e+03 -4.613994645296770614e-03
-2.400000000000000000e+03 -4.761519135172420647e-03
-2.340000000000000000e+03 -4.914000368444249034e-03
-2.280000000000000000e+03 -4.071315071087155957e-03
-2.220000000000000000e+03 -4.233339584061468486e-03
-2.160000000000000000e+03 -4.399949987600848544e-03
-2.100000000000000000e+03 -3.571022012692992575e-03
-2.040000000000000000e+03 -3.746431107174430508e-03
-2.040000000000000000e+03 -3.746431107174430508e-03
-1.980000000000000000e+03 -3.926052432689175475e-03
-1.920000000000000000e+03 -4.109760842766263522e-03
-1.860000000000000000e+03 -4.297430929000256583e-03
-1.800000000000000000e+03 -4.488937039241136517e-03
-1.740000000000000000e+03 -4.684153235757548828e-03
-1.680000000000000000e+03 -3.882953359607199673e-03
-1.620000000000000000e+03 -3.085211033976520412e-03
-1.560000000000000000e+03 -2.290799595357384533e-03
-1.500000000000000000e+03 -3.499592238767945673e-03
-1.440000000000000000e+03 -2.711461899707501289e-03
-1.380000000000000000e+03 -1.926281353007652797e-03
-1.320000000000000000e+03 -2.143923195035313256e-03
-1.260000000000000000e+03 -1.364259792353550438e-03
-1.200000000000000000e+03 -1.587163406838953961e-03
-1.140000000000000000e+03 -8.125061240207287483e-04
-1.080000000000000000e+03 -4.015986996819265187e-05
-1.020000000000000000e+03 -2.699964516068575904e-04
-9.600000000000000000e+02 -5.018875635869335383e-04
-9.000000000000000000e+02 -7.357047315963427536e-04
-8.400000000000000000e+02 -9.713194340292830020e-04
-7.800000000000000000e+02 -2.086030362988822162e-04
-7.200000000000000000e+02 -4.474267925616004504e-04
-6.600000000000000000e+02 -6.876619290778762661e-04
-6.000000000000000000e+02 -9.291795440731220879e-04
-5.400000000000000000e+02 -1.718507255645818077e-04
-4.800000000000000000e+02 -4.155465185249340720e-04
-4.200000000000000000e+02 1.339862101303879172e-03
-3.600000000000000000e+02 9.450415655010147020e-05
-3.000000000000000000e+02 8.485086973450961523e-04
-2.400000000000000000e+02 6.020047858328325674e-04
-1.800000000000000000e+02 -6.448785325119388290e-04
-1.200000000000000000e+02 1.079877729353029281e-04
-6.000000000000000000e+01 8.607327317804447375e-04
0.000000000000000000e+00 6.134853083494817838e-04
6.000000000000000000e+01 1.366374439385253936e-03
1.200000000000000000e+02 1.195290251416736282e-04
1.800000000000000000e+02 1.873077864729566500e-03
2.400000000000000000e+02 1.627149719752196688e-03
3.000000000000000000e+02 3.818732366198673844e-04
3.600000000000000000e+02 8.137376994454825763e-03
4.200000000000000000e+02 -9.106210538448067382e-03
4.800000000000000000e+02 1.165123898772435496e-02
5.400000000000000000e+02 -1.590146212038234808e-03
6.000000000000000000e+02 -2.883023802587558748e-02
6.000000000000000000e+02 1.016976197388430592e-02
6.000000000000000000e+02 2.616976197441545082e-02
6.000000000000000000e+02 -1.468302380262684892e-01
6.600000000000000000e+02 4.493109150280361064e-02
6.600000000000000000e+02 2.889310915034002392e-01
6.600000000000000000e+02 -2.330689084965342772e-01
6.600000000000000000e+02 -2.280689084973346326e-01
6.600000000000000000e+02 3.529310915027963347e-01
7.200000000000000000e+02 6.269397015148570063e-02
7.200000000000000000e+02 2.566939701519004302e-01
7.200000000000000000e+02 -4.530602984868892236e-02
7.200000000000000000e+02 -9.306029848630714696e-03
7.200000000000000000e+02 4.969397015156573616e-02
7.800000000000000000e+02 -1.354147441179520683e-02
7.800000000000000000e+02 4.585255883284844458e-04
7.800000000000000000e+02 2.945852558787009912e-02
7.800000000000000000e+02 1.458525587622716557e-03
7.800000000000000000e+02 -8.454147441170789534e-02
8.400000000000000000e+02 -8.977511474950006232e-02
8.400000000000000000e+02 -5.277511475014762254e-02
9.000000000000000000e+02 4.199317643997346750e-02
9.600000000000000000e+02 -4.236473771015880629e-03
1.020000000000000000e+03 2.353606151245912770e-02
1.080000000000000000e+03 -2.468909102117322618e-02
1.140000000000000000e+03 2.408819507581938524e-02
1.200000000000000000e+03 -1.813195399518008344e-02
1.260000000000000000e+03 1.465058776830119314e-02
1.320000000000000000e+03 3.043594610062427819e-02
1.380000000000000000e+03 -3.775753549234650563e-03
1.440000000000000000e+03 8.015614038413332310e-03
1.500000000000000000e+03 -2.318982622909970814e-02
1.560000000000000000e+03 -1.739194973742996808e-02
1.620000000000000000e+03 4.093678744538920000e-04
1.680000000000000000e+03 1.421425060289038811e-02
1.740000000000000000e+03 -5.977177837849012576e-03
1.800000000000000000e+03 1.083520591964770574e-02
1.860000000000000000e+03 1.765152490224863868e-02
1.920000000000000000e+03 -7.528098192778998055e-03
1.980000000000000000e+03 -5.703541031834902242e-03
2.040000000000000000e+03 -8.874681662746297661e-03
2.100000000000000000e+03 1.495860151499073254e-02
2.160000000000000000e+03 1.796429703063040506e-03
2.220000000000000000e+03 -3.610763151300488971e-04
2.280000000000000000e+03 -4.513796096034639049e-03
2.340000000000000000e+03 2.733839031952811638e-02
2.400000000000000000e+03 -8.804397477433667518e-03
2.460000000000000000e+03 -4.942040362948318943e-03
2.520000000000000000e+03 7.925580341179738753e-03
2.580000000000000000e+03 6.798582913688733242e-03
2.640000000000000000e+03 -3.229148787795566022e-04
2.700000000000000000e+03 1.056120426892448450e-02
2.760000000000000000e+03 -5.548942787754640449e-03
2.820000000000000000e+03 6.346760295855347067e-03
2.880000000000000000e+03 6.248429353945539333e-03
2.940000000000000000e+03 -8.438202294200891629e-04
3.000000000000000000e+03 -9.298736385972006246e-04
3.060000000000000000e+03 6.990383433731039986e-03
3.120000000000000000e+03 -2.082935216094483621e-03
3.180000000000000000e+03 3.850283623251016252e-03
3.240000000000000000e+03 7.790152677443984430e-03
3.300000000000000000e+03 -2.263215939819929190e-03
3.360000000000000000e+03 3.690289326186757535e-03
3.420000000000000000e+03 5.650779483403312042e-03
3.480000000000000000e+03 4.618364915586425923e-03
3.540000000000000000e+03 -5.406844557910517324e-03
3.600000000000000000e+03 2.575260280536895152e-03
3.660000000000000000e+03 3.564788019502884708e-03
3.720000000000000000e+03 -1.438153361959848553e-03
3.780000000000000000e+03 5.566543494751385879e-03
3.840000000000000000e+03 5.789852984889876097e-04
3.900000000000000000e+03 8.599278125984710641e-03
3.960000000000000000e+03 3.627527412390918471e-03
4.020000000000000000e+03 2.663837894942844287e-03
4.080000000000000000e+03 -1.291686317017592955e-03
4.140000000000000000e+03 6.761058180018153507e-03
4.200000000000000000e+03 8.221741190936882049e-04
4.260000000000000000e+03 3.891763555657234974e-03
4.320000000000000000e+03 3.969927804973849561e-03
4.380000000000000000e+03 5.056767494352243375e-03
4.440000000000000000e+03 -1.847617461862682831e-03
4.500000000000000000e+03 7.256872136167658027e-03
4.560000000000000000e+03 -3.629665278822358232e-03
4.620000000000000000e+03 6.492868023087794427e-03
4.680000000000000000e+03 4.624568991857813671e-03
4.740000000000000000e+03 2.765533851743384730e-03
4.800000000000000000e+03 9.158580332950805314e-04
4.860000000000000000e+03 4.075636226843926124e-03
4.920000000000000000e+03 1.244962330929411110e-03
4.980000000000000000e+03 2.423929450742434710e-03
5.040000000000000000e+03 6.126298994786338881e-04
5.100000000000000000e+03 2.811155203744419850e-03
5.160000000000000000e+03 2.019596083300712053e-03
5.220000000000000000e+03 2.380424220973509364e-04
5.280000000000000000e+03 1.466583304136293009e-03
5.340000000000000000e+03 2.705306980715249665e-03
5.400000000000000000e+03 1.954300832949229516e-03
5.460000000000000000e+03 -1.786348530004033819e-03
5.520000000000000000e+03 3.483444581434014253e-03
5.580000000000000000e+03 1.763765049872745294e-03
5.640000000000000000e+03 5.469686311698751524e-05
5.700000000000000000e+03 3.356323141815664712e-03
5.760000000000000000e+03 6.687261538900202140e-04
5.820000000000000000e+03 9.919872700265841559e-04
5.880000000000000000e+03 1.326186957157915458e-03
5.940000000000000000e+03 1.671404813350818586e-03
6.000000000000000000e+03 -2.972280484755174257e-03
6.060000000000000000e+03 6.395208820322295651e-03
6.120000000000000000e+03 -6.226050385521375574e-03
6.180000000000000000e+03 1.164017818155116402e-03
6.240000000000000000e+03 2.565488453910802491e-03
6.300000000000000000e+03 4.978435593329777475e-03
6.360000000000000000e+03 -2.597067645183415152e-03
6.420000000000000000e+03 -1.160949032055214047e-03
6.480000000000000000e+03 -4.713137342150730547e-03
6.540000000000000000e+03 -2.253562298392353114e-03
6.600000000000000000e+03 -2.782154560009075794e-03
6.660000000000000000e+03 -2.298845778568647802e-03
6.720000000000000000e+03 3.196431408468924928e-03
6.780000000000000000e+03 -2.962565577036002651e-04
6.840000000000000000e+03 -7.768442783344653435e-04
6.900000000000000000e+03 -8.245267326856264845e-03
6.960000000000000000e+03 4.298537744944042061e-03
7.020000000000000000e+03 -2.145366650438518263e-03
7.080000000000000000e+03 -2.576919053353776690e-03
7.140000000000000000e+03 3.940942406188696623e-06
7.200000000000000000e+03 -4.027272698294837028e-04
7.260000000000000000e+03 2.031347121373983100e-04
7.320000000000000000e+03 -1.784157648216933012e-04
7.380000000000000000e+03 -1.547322365695436019e-03
7.440000000000000000e+03 -4.903529785224236548e-03
7.500000000000000000e+03 -2.246983776785782538e-03
7.560000000000000000e+03 4.223688711135764606e-04
7.620000000000000000e+03 -2.895419661399500910e-03
7.680000000000000000e+03 -2.200298276875400916e-03
7.740000000000000000e+03 -2.492216912287403829e-03
7.800000000000000000e+03 2.288734449393814430e-04
7.860000000000000000e+03 -4.036979295960918535e-03
7.920000000000000000e+03 -1.289728247684251983e-03
7.980000000000000000e+03 -1.529327641037525609e-03
8.040000000000000000e+03 1.244267252332065254e-03
8.100000000000000000e+03 -9.688999298305134289e-04
8.160000000000000000e+03 -2.168786641050246544e-03
8.220000000000000000e+03 -1.355351429992879275e-03
8.280000000000000000e+03 -5.285539155011065304e-04
8.340000000000000000e+03 -6.883548112455173396e-04
8.400000000000000000e+03 2.165284043257997837e-03
8.460000000000000000e+03 -2.967600261399638839e-03
8.520000000000000000e+03 2.913028236434911378e-03
8.580000000000000000e+03 1.807204415854357649e-03
8.640000000000000000e+03 -1.285037988054682501e-03
8.700000000000000000e+03 6.363336733556934632e-04
8.760000000000000000e+03 -1.428649067747755907e-03
8.820000000000000000e+03 1.520044182143465150e-03
8.880000000000000000e+03 -5.175573060114402324e-04
8.940000000000000000e+03 -5.414253655544598587e-04
9.000000000000000000e+03 -1.551532963276258670e-03
9.060000000000000000e+03 4.521457831287989393e-04
9.120000000000000000e+03 4.696356527347234078e-04
9.180000000000000000e+03 -1.499039731243101414e-03
9.240000000000000000e+03 5.461421078507555649e-04
9.300000000000000000e+03 1.605202551218098961e-03
9.360000000000000000e+03 -3.218382062186719850e-04
9.420000000000000000e+03 -1.234961082445806824e-03
9.480000000000000000e+03 3.865851829687017016e-03
9.540000000000000000e+03 9.806172965909354389e-04
9.600000000000000000e+03 1.093509763450128958e-04
9.660000000000000000e+03 1.252067327186523471e-03
9.720000000000000000e+03 -5.912203314437647350e-04
9.780000000000000000e+03 -1.420499824234866537e-03
9.840000000000000000e+03 7.642398677489836700e-04
9.900000000000000000e+03 -2.036991420027334243e-03
9.960000000000000000e+03 1.758150492605636828e-04
1.002000000000000000e+04 -1.597333203790185507e-03
1.008000000000000000e+04 6.435701989175868221e-04
1.014000000000000000e+04 -1.014695044432301074e-04
1.020000000000000000e+04 1.675517150943051092e-04
1.026000000000000000e+04 1.450636794288584497e-03
1.032000000000000000e+04 7.477874460164457560e-04
1.038000000000000000e+04 5.900423093407880515e-05
1.044000000000000000e+04 1.384286575557780452e-03
1.050000000000000000e+04 -2.763673010122147389e-04
1.056000000000000000e+04 1.077039683877956122e-03
1.062000000000000000e+04 -2.555496547756774817e-03
1.068000000000000000e+04 -1.739812651067040861e-04
1.074000000000000000e+04 -1.778420899427146651e-03
1.080000000000000000e+04 -1.368823012853681576e-03
1.086000000000000000e+04 -2.945196396467508748e-03
1.092000000000000000e+04 -2.507550935661129188e-03
1.098000000000000000e+04 -4.055897722537338268e-03
1.104000000000000000e+04 -3.590249025364755653e-03
1.110000000000000000e+04 -5.110618241815245710e-03
1.116000000000000000e+04 -3.617019967350643128e-03
1.122000000000000000e+04 -1.109469934817752801e-03
1.128000000000000000e+04 5.412014954345067963e-03
1.134000000000000000e+04 1.694741662504384294e-02
1.140000000000000000e+04 3.649671583661984187e-02
1.146000000000000000e+04 6.105989220850460697e-02
1.152000000000000000e+04 9.763692419801373035e-02
1.152000000000000000e+04 1.126369241983411484e-01
1.158000000000000000e+04 1.412277890731274965e-01
1.158000000000000000e+04 1.242277890733021195e-01
1.158000000000000000e+04 1.352277890728146303e-01
1.158000000000000000e+04 1.462277890732366359e-01
1.158000000000000000e+04 1.582277890729528735e-01
1.164000000000000000e+04 1.838324629907219787e-01
1.164000000000000000e+04 1.678324629911003285e-01
1.164000000000000000e+04 1.788324629906128393e-01
1.164000000000000000e+04 1.898324629910348449e-01
1.164000000000000000e+04 1.978324629908456700e-01
1.170000000000000000e+04 2.184509209128009388e-01
1.170000000000000000e+04 2.074509209123789333e-01
1.170000000000000000e+04 2.164509209123934852e-01
1.170000000000000000e+04 2.224509209127063514e-01
1.170000000000000000e+04 2.274509209128154907e-01
1.176000000000000000e+04 2.340831366736892960e-01
1.176000000000000000e+04 2.340831366736892960e-01
1.176000000000000000e+04 2.350831366738930228e-01
1.176000000000000000e+04 2.340831366736892960e-01
1.182000000000000000e+04 2.277290829279081663e-01
1.188000000000000000e+04 2.053887312031292822e-01
1.194000000000000000e+04 1.670620518771102070e-01
1.200000000000000000e+04 1.247490141586240497e-01
1.206000000000000000e+04 8.844958610643516295e-02
1.212000000000000000e+04 6.016373466354707489e-02
1.218000000000000000e+04 4.289142562447523233e-02
1.224000000000000000e+04 3.963262360684893792e-02
1.230000000000000000e+04 4.838729214316117577e-02
1.236000000000000000e+04 6.315539358092792099e-02
1.242000000000000000e+04 6.393688916250539478e-02
1.248000000000000000e+04 5.273173900241090450e-02
1.254000000000000000e+04 3.953990205445734318e-02
1.260000000000000000e+04 4.936133618139137980e-02
1.266000000000000000e+04 7.119599809902865672e-02
1.272000000000000000e+04 8.704384339580428787e-02
1.278000000000000000e+04 8.190482657028042013e-02
1.284000000000000000e+04 7.377890098814532394e-02
1.290000000000000000e+04 7.866601889145385940e-02
1.296000000000000000e+04 7.756613143556023715e-02
1.302000000000000000e+04 5.047918865693645785e-02
1.308000000000000000e+04 2.240513946435385151e-02
1.314000000000000000e+04 2.834393172361160396e-02
1.320000000000000000e+04 4.229551215485116700e-02
1.326000000000000000e+04 1.925982640750589781e-02
1.332000000000000000e+04 -4.076318097031617071e-02
1.338000000000000000e+04 -5.877356652763410239e-02
1.344000000000000000e+04 -2.677138784474664135e-02
1.350000000000000000e+04 3.243296360778913368e-03
1.356000000000000000e+04 -2.729573684518982191e-03
1.362000000000000000e+04 -6.690058808089816011e-03
1.368000000000000000e+04 5.361779075428785291e-03
1.374000000000000000e+04 4.258769822627073154e-04
1.380000000000000000e+04 -1.849782908720953856e-02
1.386000000000000000e+04 -1.540940423092251876e-02
1.392000000000000000e+04 -1.430891459585836856e-02
1.398000000000000000e+04 -5.219642733663931722e-02
1.404000000000000000e+04 -9.707201070341398008e-02
1.410000000000000000e+04 -9.493573392137477640e-02
1.416000000000000000e+04 -6.078766729024209781e-02
1.422000000000000000e+04 -5.562788214047031943e-02
1.428000000000000000e+04 -7.745645079376117792e-02
1.434000000000000000e+04 -9.227344661758252187e-02
1.440000000000000000e+04 -9.207894397513882723e-02
1.446000000000000000e+04 -6.987301823392044753e-02
1.452000000000000000e+04 -3.065574578158702934e-02
1.458000000000000000e+04 1.572795998981746379e-03
1.464000000000000000e+04 6.812528757109248545e-03
1.470000000000000000e+04 -7.936626887385500595e-03
1.476000000000000000e+04 -2.867475123457552399e-02
1.482000000000000000e+04 -5.340192561652656877e-02
1.488000000000000000e+04 -4.111823231687594671e-02
1.494000000000000000e+04 -7.823754569471930154e-03
1.500000000000000000e+04 -2.651857659111556131e-02
1.506000000000000000e+04 -6.820278353552566841e-02
1.512000000000000000e+04 -4.687646149523061467e-02
1.518000000000000000e+04 -7.539697528045508079e-03
1.524000000000000000e+04 -3.019257961841503857e-02
1.530000000000000000e+04 -8.383519667404470965e-02
1.536000000000000000e+04 -8.346763851477589924e-02
1.542000000000000000e+04 -3.208999590879102470e-02
1.548000000000000000e+04 -1.670236050085804891e-02
1.554000000000000000e+04 -2.730482487368135480e-02
1.560000000000000000e+04 -1.689748247281386284e-02
1.566000000000000000e+04 -4.748042766823346028e-02
1.572000000000000000e+04 -8.205375568923045648e-02
1.578000000000000000e+04 -5.361756264483119594e-02
1.584000000000000000e+04 -5.717194553380977595e-02
1.590000000000000000e+04 -8.471700221616629278e-02
1.596000000000000000e+04 -4.525283139446401037e-02
1.602000000000000000e+04 -2.877953262031951454e-02
1.608000000000000000e+04 -5.029720631955569843e-02
1.614000000000000000e+04 -3.680595371952222195e-02
1.620000000000000000e+04 -3.630587690622633090e-02
1.626000000000000000e+04 -3.579707876906468300e-02
1.632000000000000000e+04 -2.427966301002015825e-02
1.638000000000000000e+04 -1.875373416987713426e-02
1.644000000000000000e+04 3.780602452025050297e-03
1.650000000000000000e+04 2.432324073379277252e-02
1.656000000000000000e+04 2.287407375752081862e-02
1.662000000000000000e+04 3.243299386213038815e-02
1.668000000000000000e+04 5.699989260210713837e-02
1.674000000000000000e+04 5.257466074272088008e-02
1.680000000000000000e+04 6.515718833361461293e-02
1.686000000000000000e+04 8.174736465207388392e-02
1.692000000000000000e+04 3.634507821607257938e-02
1.698000000000000000e+04 1.995021687253029086e-02
1.704000000000000000e+04 1.856266768299974501e-02
1.710000000000000000e+04 1.118231702639604919e-02
1.716000000000000000e+04 1.480905055905168410e-02
1.722000000000000000e+04 -1.555724677564285230e-02
1.728000000000000000e+04 -1.491669068036571844e-02
1.734000000000000000e+04 -5.269397586744162254e-03
1.740000000000000000e+04 -5.615484597001341172e-03
1.746000000000000000e+04 1.704493054694466991e-02
1.752000000000000000e+04 2.711729415750596672e-03
1.758000000000000000e+04 1.638479292432748480e-02
1.764000000000000000e+04 2.106400139109609881e-02
1.770000000000000000e+04 5.749234454015095253e-03
1.776000000000000000e+04 2.044037113500962732e-02
1.782000000000000000e+04 2.413728985720808851e-02
1.788000000000000000e+04 4.183986840871511959e-02
1.794000000000000000e+04 4.354798401618609205e-02
1.800000000000000000e+04 3.226151328817650210e-02
1.806000000000000000e+04 4.798033223687525606e-02
1.812000000000000000e+04 3.870431634459237102e-02
1.818000000000000000e+04 4.143334049058466917e-02
1.824000000000000000e+04 5.816727901947160717e-02
1.830000000000000000e+04 4.190600573383562732e-02
1.836000000000000000e+04 3.064939388423226774e-02
1.842000000000000000e+04 1.239731618898076704e-02
1.848000000000000000e+04 1.914964487514225766e-02
1.854000000000000000e+04 3.790625161582283909e-02
1.860000000000000000e+04 3.166700764359120512e-02
1.866000000000000000e+04 2.443178365047060652e-02
1.872000000000000000e+04 -6.799550151299627032e-03
1.878000000000000000e+04 -5.027123981562908739e-03
1.884000000000000000e+04 -1.125106858125946019e-02
1.890000000000000000e+04 -2.447151510114053963e-02
1.896000000000000000e+04 -4.168859514084033435e-02
1.902000000000000000e+04 -6.390244075919326860e-02
1.908000000000000000e+04 -6.211318443638447206e-02
1.914000000000000000e+04 -7.232095904328161851e-02
1.920000000000000000e+04 -4.952589787717442960e-02
1.926000000000000000e+04 -4.072813463881175267e-02
1.932000000000000000e+04 -2.592780339364253450e-02
1.938000000000000000e+04 -5.125038614096411038e-03
1.944000000000000000e+04 -7.319975109567167237e-03
1.950000000000000000e+04 1.648725191898847697e-02
1.956000000000000000e+04 1.129650694929296151e-02
1.962000000000000000e+04 1.210765411542524816e-02
1.968000000000000000e+04 -2.007944279012008337e-02
1.974000000000000000e+04 -3.526492029777728021e-02
1.980000000000000000e+04 -1.244891522219404578e-02
1.986000000000000000e+04 -2.631564692819665652e-03
1.992000000000000000e+04 9.186993857838388067e-03
1.998000000000000000e+04 -6.993377250182675198e-03
2.004000000000000000e+04 -8.172815996658755466e-03
2.010000000000000000e+04 -1.935146062351122964e-02
2.016000000000000000e+04 -2.452944957985891961e-02
2.022000000000000000e+04 -3.770692160469479859e-02
2.028000000000000000e+04 -1.088401562992658000e-02
2.034000000000000000e+04 -2.606087083404418081e-02
2.040000000000000000e+04 -3.223762659854401136e-02
2.046000000000000000e+04 -2.741442249680403620e-02
2.052000000000000000e+04 -4.459139827849867288e-02
2.058000000000000000e+04 -3.776869391185755376e-02
2.064000000000000000e+04 -2.794644949426583480e-02
2.070000000000000000e+04 -4.112480530147877289e-02
2.076000000000000000e+04 -3.730390177952358499e-02
2.082000000000000000e+04 -2.248387944655405590e-02
2.088000000000000000e+04 -1.066487902426160872e-02
2.094000000000000000e+04 -8.470412976748775691e-04
2.100000000000000000e+04 -1.403050718909071293e-02
2.106000000000000000e+04 -1.621541772783530178e-02
2.112000000000000000e+04 -2.640191397767921444e-02
2.118000000000000000e+04 -3.159013713229796849e-02
2.124000000000000000e+04 -7.780228442243242171e-03
2.130000000000000000e+04 -4.972329188603907824e-03
2.136000000000000000e+04 -9.166580726741813123e-03
2.142000000000000000e+04 1.863687555305659771e-02
2.148000000000000000e+04 1.143789827165164752e-02
2.154000000000000000e+04 1.323634599066281226e-02
2.160000000000000000e+04 1.203207728212873917e-02
2.166000000000000000e+04 3.782495074301550630e-02
2.172000000000000000e+04 2.061482493900257396e-02
2.178000000000000000e+04 8.401558531659247819e-03
2.184000000000000000e+04 9.185010166220308747e-03
2.190000000000000000e+04 -1.603496146799443522e-02
2.196000000000000000e+04 -5.258497583781718276e-03
2.202000000000000000e+04 3.514260632982768584e-03
2.208000000000000000e+04 2.831720994436182082e-04
2.214000000000000000e+04 2.048095826467033476e-03
2.220000000000000000e+04 8.088908980425912887e-04
2.226000000000000000e+04 3.565416512174124364e-03
2.232000000000000000e+04 -1.268246798463223968e-02
2.238000000000000000e+04 -3.934903162189584691e-03
2.244000000000000000e+04 -5.192029392674157862e-03
2.250000000000000000e+04 -1.745398694583855104e-02
2.256000000000000000e+04 -3.720915920894185547e-03
2.262000000000000000e+04 1.600704378051887034e-02
2.268000000000000000e+04 3.072975239592778962e-02
2.274000000000000000e+04 1.444707038808701327e-02
2.280000000000000000e+04 1.515885842218267499e-02
2.286000000000000000e+04 2.386497735369630391e-02
2.292000000000000000e+04 3.756528826579597080e-02
2.298000000000000000e+04 3.325965249132423196e-02
2.304000000000000000e+04 2.194793159924302017e-02
2.310000000000000000e+04 1.162998739073373144e-02
2.316000000000000000e+04 1.330568197317916201e-02
2.322000000000000000e+04 5.974877678454504348e-03
2.328000000000000000e+04 -2.362562831876857672e-03
2.334000000000000000e+04 -1.370677664272079710e-02
2.340000000000000000e+04 -1.505790050669020275e-02
2.346000000000000000e+04 -1.141607085992291104e-02
2.352000000000000000e+04 -9.781423831555002835e-03
2.358000000000000000e+04 -1.154095220954332035e-03
2.364000000000000000e+04 3.465779540420044214e-03
2.370000000000000000e+04 -1.992193462774594082e-02
2.376000000000000000e+04 -1.631737246407283237e-02
2.382000000000000000e+04 -3.772066830151743488e-02
2.388000000000000000e+04 -2.113195611127594020e-02
2.394000000000000000e+04 -3.355136947357095778e-02
2.400000000000000000e+04 -2.997904152107366826e-02
2.406000000000000000e+04 -1.941510502911114600e-02
2.412000000000000000e+04 3.140307697321986780e-03
2.418000000000000000e+04 -1.631293523769272724e-02
2.424000000000000000e+04 -2.377496529425116023e-02
2.430000000000000000e+04 -2.224591344383952674e-02
2.436000000000000000e+04 -1.772591021290281788e-02
2.442000000000000000e+04 -1.021508566827833420e-02
2.448000000000000000e+04 -1.371356936579104513e-02
2.454000000000000000e+04 -2.221490385636570863e-03
2.460000000000000000e+04 -1.173897732041950803e-02
2.466000000000000000e+04 -1.826615819754806580e-02
2.472000000000000000e+04 -2.380316057951858966e-02
2.478000000000000000e+04 -2.535011146301258123e-02
2.484000000000000000e+04 -2.790713731337746140e-02
2.490000000000000000e+04 -2.047436406974156853e-02
2.496000000000000000e+04 -2.805191705101606203e-02
2.502000000000000000e+04 -3.363992106005753158e-02
2.508000000000000000e+04 -3.223850031372421654e-02
2.514000000000000000e+04 -2.884777841154573252e-02
2.520000000000000000e+04 -2.546787838491582079e-02
2.526000000000000000e+04 -2.009892265959933866e-02
2.532000000000000000e+04 -1.874103300906426739e-02
2.538000000000000000e+04 -1.339433061548334081e-02
2.544000000000000000e+04 -1.605893602663854836e-02
2.550000000000000000e+04 -3.473496912101836642e-02
2.556000000000000000e+04 -4.042254916384990793e-02
2.562000000000000000e+04 -3.712179470676346682e-02
2.568000000000000000e+04 -1.483282366734783864e-02
2.574000000000000000e+04 -1.855575329045677790e-02
2.580000000000000000e+04 -2.829070010102441302e-02
2.586000000000000000e+04 -1.903777995266864309e-02
2.592000000000000000e+04 -8.797107981081353500e-03
2.598000000000000000e+04 7.431201404870080296e-03
2.604000000000000000e+04 6.647034491834347136e-03
2.610000000000000000e+04 -4.149721689827856608e-03
2.616000000000000000e+04 1.904082064902468119e-02
2.622000000000000000e+04 3.921855000953655690e-02
2.628000000000000000e+04 3.238335570040362654e-02
2.634000000000000000e+04 1.853512776051502442e-02
2.640000000000000000e+04 1.267375700354023138e-02
2.646000000000000000e+04 4.799135052053316031e-03
2.652000000000000000e+04 -1.208884571497037541e-02
2.658000000000000000e+04 -1.599029208591673523e-02
2.664000000000000000e+04 -1.490531005038064905e-02
2.670000000000000000e+04 -8.340047934325411916e-04
2.676000000000000000e+04 1.022351932624587789e-02
2.682000000000000000e+04 1.126715879308903823e-02
2.688000000000000000e+04 -5.703189061023294926e-03
2.694000000000000000e+04 -2.068762609451368917e-02
2.700000000000000000e+04 -1.568625325762695866e-02
2.706000000000000000e+04 -1.699170679785311222e-03
2.712000000000000000e+04 1.227352240766776958e-02
2.718000000000000000e+04 1.123172763163893251e-02
2.724000000000000000e+04 1.217534752959181787e-02
2.730000000000000000e+04 1.810428552289522486e-02
2.736000000000000000e+04 2.301844593512214487e-02
2.742000000000000000e+04 2.091773398024088237e-02
2.748000000000000000e+04 2.080205582024063915e-02
2.754000000000000000e+04 1.967131853325554403e-02
2.760000000000000000e+04 1.552543011439411202e-02
2.766000000000000000e+04 1.836429951708851149e-02
2.772000000000000000e+04 1.718783662636269582e-02
2.778000000000000000e+04 1.999595226880046539e-02
2.784000000000000000e+04 1.978855827383085852e-02
2.790000000000000000e+04 2.056556739262305200e-02
2.796000000000000000e+04 1.932689338173076976e-02
2.802000000000000000e+04 1.107245095590769779e-02
2.808000000000000000e+04 1.680215581836819183e-02
2.814000000000000000e+04 1.751592468281160109e-02
2.820000000000000000e+04 1.021367526664107572e-02
2.826000000000000000e+04 -1.104673739973804913e-03
2.832000000000000000e+04 1.556079741112625925e-02
2.838000000000000000e+04 7.210009453046950512e-03
2.844000000000000000e+04 9.842884147474251222e-03
2.850000000000000000e+04 1.845934433094953420e-02
2.856000000000000000e+04 1.105931382244307315e-02
2.862000000000000000e+04 1.864271752947388450e-02
2.868000000000000000e+04 1.920948138376843417e-02
2.874000000000000000e+04 2.975953236455097795e-02
2.880000000000000000e+04 1.729279856863286113e-02
2.886000000000000000e+04 1.880920910480199382e-02
2.892000000000000000e+04 2.430869417275971500e-02
2.898000000000000000e+04 1.979118506915256148e-02
2.904000000000000000e+04 1.725661415821377886e-02
2.910000000000000000e+04 1.470491487998515368e-02
2.916000000000000000e+04 4.136021831982361618e-03
2.922000000000000000e+04 7.549870650109369308e-03
2.928000000000000000e+04 1.094639809798536589e-02
2.934000000000000000e+04 2.032554207198700169e-02
2.940000000000000000e+04 2.768724154520896263e-02
2.946000000000000000e+04 1.803143666893447516e-02
2.952000000000000000e+04 1.635806867852807045e-02
2.958000000000000000e+04 1.366707994384341873e-02
2.964000000000000000e+04 1.695841400578501634e-02
2.970000000000000000e+04 1.323201550439989660e-02
2.976000000000000000e+04 9.487830260695773177e-03
2.982000000000000000e+04 8.725805244466755539e-03
2.988000000000000000e+04 1.794588855864276411e-02
2.994000000000000000e+04 1.514802947622229112e-02
3.000000000000000000e+04 1.933217846089974046e-02
3.006000000000000000e+04 3.049828710481961025e-02
3.012000000000000000e+04 2.364630819738522405e-02
3.018000000000000000e+04 1.877619571860122960e-02
3.024000000000000000e+04 1.888790479551971657e-02
3.030000000000000000e+04 1.898139176955737639e-02
3.036000000000000000e+04 1.305661414971837075e-02
3.042000000000000000e+04 -1.886469341116026044e-03
3.048000000000000000e+04 -9.847898781117692124e-03
3.054000000000000000e+04 -1.482771307473740308e-02
3.060000000000000000e+04 -1.182594990495999809e-02
3.066000000000000000e+04 -7.842645744858600665e-03
3.072000000000000000e+04 -7.877835847466485575e-03
3.078000000000000000e+04 -1.093155428588943323e-02
3.084000000000000000e+04 -9.003833871247479692e-03
3.090000000000000000e+04 -8.094706232441239990e-03
3.096000000000000000e+04 -1.720420174206083175e-02
3.102000000000000000e+04 -2.533234957991226111e-02
3.108000000000000000e+04 -3.347917766677710460e-02
3.114000000000000000e+04 -3.964471269591740565e-02
3.120000000000000000e+04 -3.382898013933299808e-02
3.126000000000000000e+04 -4.203200423307862366e-02
3.132000000000000000e+04 -3.825380795296950964e-02
3.138000000000000000e+04 -2.949441303553612670e-02
3.144000000000000000e+04 -2.975383999728364870e-02
3.150000000000000000e+04 -3.703210807270806981e-02
3.156000000000000000e+04 -4.932923527212551562e-02
3.162000000000000000e+04 -4.864523836204170948e-02
3.168000000000000000e+04 -4.398013280842860695e-02
3.174000000000000000e+04 -4.133393287702347152e-02
3.180000000000000000e+04 -4.470665153166919481e-02
3.186000000000000000e+04 -4.509830051028984599e-02
3.192000000000000000e+04 -4.150889028824167326e-02
3.198000000000000000e+04 -4.193843005123198964e-02
3.204000000000000000e+04 -4.738692773480579490e-02
3.210000000000000000e+04 -4.985439003121427959e-02
3.216000000000000000e+04 -5.434082232659420697e-02
3.222000000000000000e+04 -5.884622877238143701e-02
3.228000000000000000e+04 -4.437061225326033309e-02
3.234000000000000000e+04 -3.891397433835663833e-02
3.240000000000000000e+04 -3.347631538326822920e-02
3.246000000000000000e+04 -3.405763442970055621e-02
3.252000000000000000e+04 -3.465792927454458550e-02
3.258000000000000000e+04 -3.627719644646276720e-02
3.264000000000000000e+04 -2.691543115270178532e-02
3.270000000000000000e+04 -2.457262737061682856e-02
3.276000000000000000e+04 -7.248777810673345812e-03
3.282000000000000000e+04 -2.943873865660862066e-03
3.288000000000000000e+04 -1.065790569191449322e-02
3.294000000000000000e+04 -8.390862165470025502e-03
3.300000000000000000e+04 -1.714273084780870704e-02
3.306000000000000000e+04 -2.291349807273945771e-02
3.312000000000000000e+04 -2.070314888715074630e-02
3.318000000000000000e+04 -2.051166704586648848e-02
3.324000000000000000e+04 -7.339035063523624558e-03
3.330000000000000000e+04 -1.018523412403737893e-02
3.336000000000000000e+04 -7.050244191304955166e-03
3.342000000000000000e+04 -4.934043945468147285e-03
3.348000000000000000e+04 -3.836610764665238094e-03
3.354000000000000000e+04 -9.757920794982055668e-03
3.360000000000000000e+04 -2.697948890272527933e-03
3.366000000000000000e+04 1.134333137633802835e-02
3.372000000000000000e+04 4.365947673250047956e-03
3.378000000000000000e+04 1.369928945678111631e-03
3.384000000000000000e+04 -3.644694577815243974e-03
3.390000000000000000e+04 -6.677891429717419669e-03
3.396000000000000000e+04 -3.729628862856770866e-03
3.402000000000000000e+04 -8.799872860436153132e-03
3.408000000000000000e+04 -1.888588170913862996e-03
3.414000000000000000e+04 -3.995738251433067489e-03
3.420000000000000000e+04 -3.121285336419532541e-03
3.426000000000000000e+04 -2.265190380967396777e-03
3.432000000000000000e+04 -1.427413078090467025e-03
3.438000000000000000e+04 2.392088101260014810e-03
3.444000000000000000e+04 8.193355942239577416e-03
3.450000000000000000e+04 4.976434497621085029e-03
3.456000000000000000e+04 4.741369056318944786e-03
3.462000000000000000e+04 6.488206130597973242e-03
3.468000000000000000e+04 1.216993508023733739e-03
3.474000000000000000e+04 -2.072219826914079022e-03
3.480000000000000000e+04 4.620616387910558842e-03
3.486000000000000000e+04 1.029555360219092108e-02
3.492000000000000000e+04 9.526445292067364790e-04
3.498000000000000000e+04 -7.408056894746550824e-03
3.504000000000000000e+04 -1.786495526175713167e-03
3.510000000000000000e+04 4.817385001842922065e-03
3.516000000000000000e+04 7.403642284771194682e-03
3.522000000000000000e+04 -2.027664866545819677e-03
3.528000000000000000e+04 5.523523548617959023e-03
3.534000000000000000e+04 5.057268765995104332e-03
3.540000000000000000e+04 -3.426366790336032864e-03
3.546000000000000000e+04 -7.927319519694719929e-03
3.552000000000000000e+04 2.554475442593684420e-03
3.558000000000000000e+04 4.019084080937318504e-03
3.564000000000000000e+04 1.466573618927213829e-03
3.570000000000000000e+04 3.897012439665559214e-03
3.576000000000000000e+04 3.310470098767837044e-03
3.582000000000000000e+04 1.370701736323098885e-02
3.588000000000000000e+04 1.308672615505201975e-02
3.594000000000000000e+04 1.144966954780102242e-02
3.600000000000000000e+04 1.379592181274347240e-02
3.606000000000000000e+04 1.412555835304374341e-02
3.612000000000000000e+04 1.843865572391223395e-02
3.618000000000000000e+04 1.073529167751985369e-02
3.624000000000000000e+04 1.601554505123203853e-02
3.630000000000000000e+04 1.727949587257171515e-02
3.636000000000000000e+04 1.452722527119476581e-02
3.642000000000000000e+04 1.375881551302882144e-02
3.648000000000000000e+04 1.974350024283921812e-03
3.654000000000000000e+04 -5.826086680826847441e-03
3.660000000000000000e+04 -6.642408977313607465e-03
3.666000000000000000e+04 -4.474530098377726972e-03
3.672000000000000000e+04 -8.322362190483545419e-03
3.678000000000000000e+04 -1.218581631837878376e-02
3.684000000000000000e+04 -9.064802396096638404e-03
3.690000000000000000e+04 -9.959229301784944255e-03
3.696000000000000000e+04 -7.869004814892832655e-03
3.702000000000000000e+04 -1.879403561906656250e-02
3.708000000000000000e+04 -1.673422736348584294e-02
3.714000000000000000e+04 -7.689484577895200346e-03
3.720000000000000000e+04 -6.659710769781668205e-03
3.726000000000000000e+04 -1.864480839776661014e-02
3.732000000000000000e+04 -2.764467883753241040e-02
3.738000000000000000e+04 -2.465922245937690604e-02
3.744000000000000000e+04 -2.368833857235586038e-02
3.750000000000000000e+04 -1.673192545604251791e-02
3.756000000000000000e+04 -2.678988038860552479e-02
3.762000000000000000e+04 -3.386209961718122941e-02
3.768000000000000000e+04 -3.494847836736880708e-02
3.774000000000000000e+04 -2.404891089190641651e-02
3.780000000000000000e+04 -1.416329041876451811e-02
3.786000000000000000e+04 -1.429150917829247192e-02
3.792000000000000000e+04 -9.433458459170651622e-03
3.798000000000000000e+04 -1.758902853089239215e-02
3.804000000000000000e+04 -2.375810872217698488e-02
3.810000000000000000e+04 -3.494058738579042256e-02
3.816000000000000000e+04 -2.613635190755303483e-02
3.822000000000000000e+04 -1.834528875133401016e-02
3.828000000000000000e+04 -1.756728343116265023e-02
3.834000000000000000e+04 -2.880222051771852421e-02
3.840000000000000000e+04 -3.804998365194478538e-02
3.846000000000000000e+04 -3.431045558318146504e-02
3.852000000000000000e+04 -2.658351811260217801e-02
3.858000000000000000e+04 -1.686905217320600059e-02
3.864000000000000000e+04 -1.016693776728061493e-02
3.870000000000000000e+04 -1.947705404381849803e-02
3.876000000000000000e+04 -1.379927924790536053e-02
3.882000000000000000e+04 -7.133490744308801368e-03
3.888000000000000000e+04 -6.479565056906722020e-03
3.894000000000000000e+04 -1.783737784808181459e-02
3.900000000000000000e+04 -2.120680391726637026e-02
3.906000000000000000e+04 -1.658771722213714384e-02
3.912000000000000000e+04 -2.497999091337987920e-02
3.918000000000000000e+04 -3.038349728376488201e-02
3.924000000000000000e+04 -4.179810782716231188e-02
3.930000000000000000e+04 -3.322369325178442523e-02
3.936000000000000000e+04 -9.660123405410558917e-03
3.942000000000000000e+04 2.892732593863911461e-03
3.948000000000000000e+04 6.435006451283697970e-03
3.954000000000000000e+04 7.966830619807296898e-03
3.960000000000000000e+04 9.488338321716582868e-03
3.966000000000000000e+04 1.999663553760910872e-03
3.972000000000000000e+04 -8.499058943016279954e-03
3.978000000000000000e+04 -1.000769371876231162e-02
3.984000000000000000e+04 -5.526104539967491291e-03
3.990000000000000000e+04 1.945845498084963765e-03
3.996000000000000000e+04 1.240829402468079934e-02
4.002000000000000000e+04 1.086137941183551447e-02
4.008000000000000000e+04 1.430524067836813629e-02
4.014000000000000000e+04 1.274001754245546181e-02
4.020000000000000000e+04 1.616585041847429238e-02
4.026000000000000000e+04 1.658288034377619624e-02
4.032000000000000000e+04 1.899124908140947809e-02
4.038000000000000000e+04 1.739109898244350916e-02
4.044000000000000000e+04 2.178257305240549613e-02
4.050000000000000000e+04 1.816581495040736627e-02
4.056000000000000000e+04 2.454096892233792460e-02
4.062000000000000000e+04 2.590817985492321895e-02
4.068000000000000000e+04 2.826759322397265350e-02
4.074000000000000000e+04 2.061935509482282214e-02
4.080000000000000000e+04 9.963612108549568802e-03
4.086000000000000000e+04 1.300511502449808177e-03
4.092000000000000000e+04 5.630201040730753448e-03
4.098000000000000000e+04 5.952829093075706623e-03
4.104000000000000000e+04 1.026854452720726840e-02
4.110000000000000000e+04 1.457749675410013879e-02
4.116000000000000000e+04 1.387983572749362793e-02
4.122000000000000000e+04 3.175711888616206124e-03
4.128000000000000000e+04 3.465276201495726127e-03
4.134000000000000000e+04 2.748680130935099442e-03
4.140000000000000000e+04 -5.973924398858798668e-03
4.146000000000000000e+04 -4.702384977463225368e-03
4.152000000000000000e+04 -8.436548727331683040e-03
4.158000000000000000e+04 -2.217626230867608683e-02
4.164000000000000000e+04 -2.692137196845578728e-02
4.170000000000000000e+04 -1.867172347738232929e-02
4.176000000000000000e+04 -1.142716222693707095e-02
4.182000000000000000e+04 -1.318753315808862681e-02
4.188000000000000000e+04 -1.095268083736300468e-02
4.194000000000000000e+04 -9.722449420223711058e-03
4.200000000000000000e+04 -1.349668267812376143e-02
4.206000000000000000e+04 -2.027522402840986615e-02
4.212000000000000000e+04 -2.005791652391053503e-02
4.218000000000000000e+04 -1.884460285236855270e-02
4.224000000000000000e+04 -7.635125359229277819e-03
4.230000000000000000e+04 -8.429326088844391052e-03
4.236000000000000000e+04 -1.322704672566032968e-02
4.242000000000000000e+04 -2.302812868401815649e-02
4.248000000000000000e+04 -2.583241305364936125e-02
4.254000000000000000e+04 -1.463974063426576322e-02
4.260000000000000000e+04 -3.449951977017917670e-03
4.266000000000000000e+04 -3.262887330492958426e-03
4.272000000000000000e+04 -9.078386710825725459e-03
4.278000000000000000e+04 2.103710105984646361e-03
4.284000000000000000e+04 9.283563601456990000e-03
4.290000000000000000e+04 1.461334478335629683e-03
4.296000000000000000e+04 4.637183626982732676e-03
4.302000000000000000e+04 3.811272173152246978e-03
4.308000000000000000e+04 1.198376141201151768e-02
4.314000000000000000e+04 1.815481281300890259e-02
4.320000000000000000e+04 2.332458805722126272e-02
4.326000000000000000e+04 1.749324893717130180e-02
4.332000000000000000e+04 1.666095743075857172e-02
4.338000000000000000e+04 1.682787562458543107e-02
4.344000000000000000e+04 1.899416573451162549e-02
4.350000000000000000e+04 2.315999013080727309e-02
4.356000000000000000e+04 2.632551124952442478e-02
4.362000000000000000e+04 1.749089162331074476e-02
4.368000000000000000e+04 7.656293892068788409e-03
4.374000000000000000e+04 7.821880748451803811e-03
4.380000000000000000e+04 4.987814936612267047e-03
4.386000000000000000e+04 5.154259300070407335e-03
4.392000000000000000e+04 -2.678623328392859548e-03
4.398000000000000000e+04 4.489329928219376598e-03
4.404000000000000000e+04 4.658281976844591554e-03
4.410000000000000000e+04 1.828395705160801299e-03
4.416000000000000000e+04 -1.659527697484008968e-07
4.422000000000000000e+04 1.727598701108945534e-04
4.428000000000000000e+04 -3.652663966931868345e-03
4.434000000000000000e+04 -3.476274626336817164e-03
4.440000000000000000e+04 -1.029790934353513876e-02
4.446000000000000000e+04 -1.011740539706806885e-02
4.452000000000000000e+04 -2.934600120170216542e-03
4.458000000000000000e+04 3.250669044064125046e-03
4.464000000000000000e+04 6.438564566451532301e-03
4.470000000000000000e+04 5.629248843433742877e-03
4.476000000000000000e+04 8.822884115033957642e-03
4.482000000000000000e+04 1.301963255082227988e-02
4.488000000000000000e+04 1.821965614453802118e-02
4.494000000000000000e+04 1.542311674438678892e-02
4.500000000000000000e+04 1.363017607491201488e-02
4.506000000000000000e+04 1.384099565530050313e-02
4.512000000000000000e+04 7.055736845359206200e-03
4.518000000000000000e+04 4.274560831618146040e-03
4.524000000000000000e+04 4.976285717930295505e-04
4.530000000000000000e+04 -6.274899185882532038e-03
4.536000000000000000e+04 -1.704286189215054037e-02
4.542000000000000000e+04 -1.080609923337760847e-02
4.548000000000000000e+04 2.435548828543687705e-03
4.554000000000000000e+04 2.682242124137701467e-03
4.560000000000000000e+04 1.934140175762877334e-03
4.566000000000000000e+04 1.119140227365278406e-02
4.572000000000000000e+04 1.445418737785075791e-02
4.578000000000000000e+04 1.172265418335882714e-02
4.584000000000000000e+04 1.699696107607451268e-02
4.590000000000000000e+04 1.527726610311219702e-02
4.596000000000000000e+04 1.456372699067287613e-02
4.602000000000000000e+04 5.856501134076097514e-03
4.608000000000000000e+04 -1.844254414208990056e-03
4.614000000000000000e+04 5.461617006403685082e-03
4.620000000000000000e+04 5.774271720838441979e-03
4.626000000000000000e+04 1.093865635994006880e-03
4.632000000000000000e+04 -1.579445696734183002e-03
4.638000000000000000e+04 3.754492854568525217e-03
4.644000000000000000e+04 -2.904164003666664939e-03
4.650000000000000000e+04 -8.555261966648686212e-03
4.656000000000000000e+04 -1.198647174533107318e-03
4.662000000000000000e+04 1.116583377461211057e-02
4.668000000000000000e+04 -4.616661453837878071e-04
4.674000000000000000e+04 -1.608099443637911463e-02
4.680000000000000000e+04 -4.691999090027820785e-03
4.686000000000000000e+04 -4.294528556783916429e-03
4.692000000000000000e+04 -1.288843180554977152e-02
4.698000000000000000e+04 -1.047355832361063221e-02
4.704000000000000000e+04 -5.049758062341425102e-03
4.710000000000000000e+04 -2.616881550238758791e-03
4.716000000000000000e+04 -1.017477982259151759e-02
4.722000000000000000e+04 -1.372330448793945834e-02
4.728000000000000000e+04 -7.262307700329984073e-03
4.734000000000000000e+04 5.208357848459854722e-03
4.740000000000000000e+04 3.688838843117991928e-03
4.746000000000000000e+04 -2.820718595103244297e-03
4.752000000000000000e+04 -4.320168931371881627e-03
4.758000000000000000e+04 -8.093672540780971758e-04
4.764000000000000000e+04 1.711830717795237433e-03
4.770000000000000000e+04 4.243568690071697347e-03
4.776000000000000000e+04 7.785989691910799593e-03
4.782000000000000000e+04 5.339236104191513732e-03
4.788000000000000000e+04 1.903449684505176265e-03
4.794000000000000000e+04 -2.521228512705420144e-03
4.800000000000000000e+04 -5.934658059231878724e-03
4.806000000000000000e+04 -1.133669925184221938e-02
4.812000000000000000e+04 -7.727213076577754691e-03
4.818000000000000000e+04 -1.060611884895479307e-04
4.824000000000000000e+04 -1.473105996410595253e-03
4.830000000000000000e+04 -3.828210607025539503e-03
4.836000000000000000e+04 -4.171238845628977288e-03
4.842000000000000000e+04 -1.050205530009407084e-02
4.848000000000000000e+04 -1.382052531062072376e-02
4.854000000000000000e+04 -8.126514946525276173e-03
4.860000000000000000e+04 -1.041989108489360660e-02
4.866000000000000000e+04 -8.700521320861298591e-03
4.872000000000000000e+04 -1.296827408623357769e-02
4.878000000000000000e+04 -2.022301859506114852e-02
4.884000000000000000e+04 -8.464624836051370949e-03
4.890000000000000000e+04 -6.692963652312755585e-03
4.896000000000000000e+04 -2.907906674408877734e-03
4.902000000000000000e+04 -3.109326362391584553e-03
4.908000000000000000e+04 -6.297096034359128680e-03
4.914000000000000000e+04 -1.247108984898659401e-02
4.920000000000000000e+04 -7.631182806107972283e-03
4.926000000000000000e+04 1.222749233420472592e-03
4.932000000000000000e+04 3.090829511165793519e-03
4.938000000000000000e+04 -2.681957812455948442e-05
4.944000000000000000e+04 1.869923443337029312e-03
4.950000000000000000e+04 1.781179184945358429e-03
4.956000000000000000e+04 1.070706732298276620e-02
4.962000000000000000e+04 1.164770664036041126e-02
4.968000000000000000e+04 1.260321500467398437e-02
4.974000000000000000e+04 1.557370933733182028e-02
4.980000000000000000e+04 1.555930562517460203e-02
4.986000000000000000e+04 1.256011892655806150e-02
4.992000000000000000e+04 1.576263344759354368e-03
4.998000000000000000e+04 7.607851998727710452e-03
5.004000000000000000e+04 6.654997077021107543e-03
5.010000000000000000e+04 7.717809770838357508e-03
5.016000000000000000e+04 3.796400274040934164e-03
5.022000000000000000e+04 -5.109122159410617314e-03
5.028000000000000000e+04 1.350673301203642040e-06
5.034000000000000000e+04 9.127926010478404351e-03
5.040000000000000000e+04 1.127071005521429470e-02
5.046000000000000000e+04 1.542980798603821313e-02
5.052000000000000000e+04 1.260532397827773821e-02
5.058000000000000000e+04 8.797361168035422452e-03
5.064000000000000000e+04 6.006021634675562382e-03
5.070000000000000000e+04 2.314064395250170492e-04
5.076000000000000000e+04 1.473615561735641677e-03
5.082000000000000000e+04 -2.672520849955617450e-04
5.088000000000000000e+04 -2.991098605889419559e-03
5.094000000000000000e+04 -6.978272340347757563e-04
5.100000000000000000e+04 4.612657750840298831e-03
5.106000000000000000e+04 1.094045096488116542e-02
5.112000000000000000e+04 4.285645921299874317e-03
5.118000000000000000e+04 -3.516649239827529527e-04
5.124000000000000000e+04 -4.971390258106112015e-03
5.130000000000000000e+04 4.265601182851241902e-04
5.136000000000000000e+04 7.842275310395052657e-03
5.142000000000000000e+04 1.127584328241937328e-02
5.148000000000000000e+04 6.727350856635894161e-03
5.154000000000000000e+04 3.196883767486724537e-03
5.160000000000000000e+04 -2.315473439921333920e-03
5.166000000000000000e+04 -1.180963735896511935e-02
5.172000000000000000e+04 -1.928552571735053789e-02
5.178000000000000000e+04 -2.074305743371951394e-02
5.184000000000000000e+04 -9.182152538414811715e-03
5.190000000000000000e+04 -4.602732282364740968e-03
5.196000000000000000e+04 -8.004719073142041452e-03
5.202000000000000000e+04 -1.738803648458997486e-02
5.208000000000000000e+04 -1.675260930369404377e-02
5.214000000000000000e+04 -1.509836348213866586e-02
5.220000000000000000e+04 -2.242522616597852902e-02
5.226000000000000000e+04 -2.573312572530994657e-02
5.232000000000000000e+04 -2.402199172593100229e-02
5.238000000000000000e+04 -1.829175492457579821e-02
5.244000000000000000e+04 -1.354234732298209565e-02
5.250000000000000000e+04 -1.377370209684158908e-02
5.256000000000000000e+04 -1.198575369016907644e-02
5.262000000000000000e+04 -1.117843776410154533e-02
5.268000000000000000e+04 -5.351691186660900712e-03
5.274000000000000000e+04 -8.505452098688692786e-03
5.280000000000000000e+04 -1.263965985344839282e-02
5.286000000000000000e+04 -9.754255049301718827e-03
5.292000000000000000e+04 -2.849179548320535105e-03
5.298000000000000000e+04 1.075623528777214233e-03
5.304000000000000000e+04 -9.797901639103656635e-04
5.310000000000000000e+04 -8.015366249310318381e-03
5.316000000000000000e+04 9.689483731563086621e-04
5.322000000000000000e+04 5.973205563350347802e-03
5.328000000000000000e+04 7.997455881195492111e-03
5.334000000000000000e+04 -1.958251347787154373e-03
5.340000000000000000e+04 -9.893868116705561988e-03
5.346000000000000000e+04 -1.080934767196595203e-02
5.352000000000000000e+04 -1.270464454864850268e-02
5.358000000000000000e+04 -1.257971457107487367e-02
5.364000000000000000e+04 -1.343451486809499329e-02
5.370000000000000000e+04 -1.026900382748863194e-02
5.376000000000000000e+04 -7.083141152179450728e-03
5.382000000000000000e+04 -6.876887844555312768e-03
5.388000000000000000e+04 -4.650206195037753787e-03
5.394000000000000000e+04 -5.403059804848453496e-03
5.400000000000000000e+04 -3.135413596282887738e-03
5.406000000000000000e+04 7.152766245781094767e-03
5.412000000000000000e+04 4.461512179659621324e-03
5.418000000000000000e+04 3.790855387705960311e-03
5.424000000000000000e+04 5.140825714988750406e-03
5.430000000000000000e+04 2.511451699319877662e-03
5.436000000000000000e+04 1.290276055897265906e-02
5.442000000000000000e+04 1.231477820965665160e-02
5.448000000000000000e+04 1.747529214298992883e-03
5.454000000000000000e+04 -2.798963152599753812e-03
5.460000000000000000e+04 -4.324676961005025078e-03
5.466000000000000000e+04 2.170408378333377186e-03
5.472000000000000000e+04 7.686312186706345528e-03
5.478000000000000000e+04 9.223052389643271454e-03
5.484000000000000000e+04 7.780645634738903027e-03
5.490000000000000000e+04 6.359107210300862789e-03
5.496000000000000000e+04 8.958451065154804382e-03
5.502000000000000000e+04 1.157868986592802685e-02
5.508000000000000000e+04 1.021983490136335604e-02
5.514000000000000000e+04 5.881896128812513780e-03
5.520000000000000000e+04 8.564882206883339677e-03
5.526000000000000000e+04 1.526880042365519330e-02
5.532000000000000000e+04 1.099365673599095317e-02
5.538000000000000000e+04 4.739455801427538972e-03
5.544000000000000000e+04 -2.493799091098480858e-03
5.550000000000000000e+04 -5.706105991521326359e-03
5.646000000000000000e+04 -8.257657334979739971e-03
5.736000000000000000e+04 -1.294846665223303717e-02
5.826000000000000000e+04 -7.074896546328091063e-03
5.916000000000000000e+04 4.193065290564845782e-03
6.006000000000000000e+04 1.462318241283355746e-02
6.096000000000000000e+04 2.924670918218907900e-03
6.186000000000000000e+04 7.528095175075577572e-04
6.276000000000000000e+04 1.071438542385294568e-02
6.366000000000000000e+04 -1.262610964022314874e-02
6.456000000000000000e+04 -5.739631480537354946e-03
6.546000000000000000e+04 -9.125192001192772295e-03
6.636000000000000000e+04 6.979586014494998381e-04
6.726000000000000000e+04 1.019845200335112168e-02
6.816000000000000000e+04 -2.158904887437529396e-03
6.906000000000000000e+04 2.095205182740755845e-03
6.996000000000000000e+04 -5.571460951614426449e-04
7.086000000000000000e+04 -1.361311042728630127e-02
7.176000000000000000e+04 1.145860972428636160e-02
7.266000000000000000e+04 -1.077503794931544689e-02
7.356000000000000000e+04 6.295159244473325089e-03
7.446000000000000000e+04 2.326602399080002215e-03
7.536000000000000000e+04 1.003001891240273835e-02
7.626000000000000000e+04 1.517373321257764474e-02
7.716000000000000000e+04 1.658700256120937411e-02
7.806000000000000000e+04 -8.376347886951407418e-04
7.896000000000000000e+04 1.685696384356560884e-02
7.986000000000000000e+04 1.469282389734871686e-02
8.076000000000000000e+04 7.560829544672742486e-04
8.166000000000000000e+04 -3.480481571477866964e-02
8.256000000000000000e+04 -7.819357142579974607e-04
8.346000000000000000e+04 1.008837982499244390e-02
8.436000000000000000e+04 6.120836686022812501e-03
8.526000000000000000e+04 -2.324304773537733126e-03
8.616000000000000000e+04 -8.474578135064803064e-04
8.706000000000000000e+04 -1.016570184219744988e-03
8.796000000000000000e+04 1.762549348859465681e-02
8.886000000000000000e+04 8.553167517675319687e-03
8.976000000000000000e+04 1.725012554379645735e-02
9.066000000000000000e+04 2.201076116762124002e-03
9.156000000000000000e+04 -4.116453088499838486e-03
9.246000000000000000e+04 3.759790891308512073e-03
9.336000000000000000e+04 -1.731053883304412011e-03
9.426000000000000000e+04 -8.180423037629225291e-03
9.516000000000000000e+04 -2.217281859884678852e-03
9.606000000000000000e+04 -1.451446458759164670e-02
9.696000000000000000e+04 -5.794293446342635434e-03
9.786000000000000000e+04 7.166614861489506438e-03
9.876000000000000000e+04 -3.466565482085570693e-03
9.966000000000000000e+04 5.410172639130905736e-03
1.005600000000000000e+05 2.837717569491360337e-03
1.014600000000000000e+05 -9.207073198012949433e-03
1.023600000000000000e+05 1.018877103342674673e-02
1.032600000000000000e+05 8.755340377319953404e-04
1.041600000000000000e+05 -6.356949212204199284e-03
1.050600000000000000e+05 6.223949462764721829e-03
1.059600000000000000e+05 2.978469774461700581e-04
1.068600000000000000e+05 1.496431749728799332e-03
1.077600000000000000e+05 6.409353354683844373e-03
1.086600000000000000e+05 -3.409174560147221200e-03
1.095600000000000000e+05 3.566836376194260083e-03
1.104600000000000000e+05 -2.315714746509911492e-02
1.113600000000000000e+05 -8.810956478555453941e-05
1.122600000000000000e+05 -1.673717180165112950e-02
1.131600000000000000e+05 3.888223836838733405e-04
1.140600000000000000e+05 7.795694331434788182e-03
1.149600000000000000e+05 -5.989849554680404253e-03
1.158600000000000000e+05 -9.412296880327630788e-03
1.167600000000000000e+05 -4.879836572399653960e-03
1.176600000000000000e+05 2.124258357343933312e-02
1.185600000000000000e+05 1.863953532028972404e-02
1.194600000000000000e+05 -1.194937880245561246e-02
1.203600000000000000e+05 1.427512742975522997e-02
1.212600000000000000e+05 -1.682425932813202962e-02
1.221600000000000000e+05 -1.331873392155102920e-02
1.230600000000000000e+05 7.882993777457159013e-04
1.239600000000000000e+05 -3.438177172938594595e-03
1.248600000000000000e+05 1.347117413388332352e-04
1.257600000000000000e+05 1.706155614556337241e-03
1.266600000000000000e+05 1.539015512207697611e-03
1.275600000000000000e+05 1.395615599540178664e-02
1.284600000000000000e+05 -7.664193280106701422e-03
1.293600000000000000e+05 1.010602402675431222e-02
1.302600000000000000e+05 -5.261662406155664939e-03
1.311600000000000000e+05 -4.259319705852249172e-03
1.320600000000000000e+05 -2.350289103560498916e-03
1.329600000000000000e+05 -7.977350707733421586e-03
1.338600000000000000e+05 1.428751766070490703e-03
1.347600000000000000e+05 8.440559807240788359e-03
1.356600000000000000e+05 3.625059850492107216e-03
1.365600000000000000e+05 5.534892904506705236e-03
1.374600000000000000e+05 -3.300247534752998035e-03
1.383600000000000000e+05 8.618106423455174081e-03
1.392600000000000000e+05 -7.250626406857918482e-03
1.401600000000000000e+05 -1.349332137942838017e-02
1.410600000000000000e+05 -6.749700095497246366e-03
1.419600000000000000e+05 9.281914337407215498e-03
1.428600000000000000e+05 -1.416026971492101438e-02
1.437600000000000000e+05 1.009458604130486492e-02
1.446600000000000000e+05 -9.852923979451588821e-03
1.455600000000000000e+05 1.002575051006715512e-02
1.464600000000000000e+05 -3.135820761599461548e-04
1.473600000000000000e+05 -8.987438848635065369e-03
1.482600000000000000e+05 -1.183138265332672745e-03
1.491600000000000000e+05 8.438082559223403223e-04
1.500600000000000000e+05 -2.266519841214176267e-04
1.509600000000000000e+05 1.225524485562345944e-03
1.518600000000000000e+05 7.766027524667151738e-03
1.527600000000000000e+05 1.491256866029289085e-02
1.536600000000000000e+05 6.141980730717477854e-03
1.545600000000000000e+05 -1.210207033273036359e-02
1.554600000000000000e+05 1.059911638094490627e-02
1.563600000000000000e+05 -4.352161000497289933e-03
1.572600000000000000e+05 -7.561220061688800342e-03
1.581600000000000000e+05 7.367878652075887658e-03
1.590600000000000000e+05 2.841149690539168660e-03
1.599600000000000000e+05 1.228330634148733225e-02
1.608600000000000000e+05 9.146053481345006730e-03
1.617600000000000000e+05 -1.408408164570573717e-02
1.626600000000000000e+05 -7.878504583459289279e-03
1.635600000000000000e+05 -6.660009203187655658e-03
